{
 "cells": [
  {
   "cell_type": "markdown",
   "metadata": {},
   "source": [
    "# Dataset and Dataloader"
   ]
  },
  {
   "cell_type": "code",
   "execution_count": 3,
   "metadata": {},
   "outputs": [],
   "source": [
    "import numpy as np\n",
    "import pandas as pd\n",
    "import torch \n",
    "import torch.autograd as autograd \n",
    "import torch.nn as nn \n",
    "import torch.nn.functional as F\n",
    "import torch.optim as optim\n",
    "from torch.utils.data import Dataset, DataLoader\n",
    "from sklearn.model_selection import *"
   ]
  },
  {
   "cell_type": "code",
   "execution_count": 46,
   "metadata": {},
   "outputs": [],
   "source": [
    "class CancerDataset(Dataset):\n",
    "    \n",
    "    # constructor\n",
    "    def __init__(self, df_X, df_y):\n",
    "        assert len(df_X) == len(df_y)\n",
    "        \n",
    "        self.data_list = torch.from_numpy(df_X.values).float()\n",
    "        self.target_list = torch.from_numpy(df_y.values).float()\n",
    "        \n",
    "        assert(len(self.data_list) == len(self.target_list))\n",
    "      \n",
    "    # return the length of dataset\n",
    "    def __len__(self):\n",
    "        return len(self.data_list)\n",
    "    \n",
    "    # return the key-th element of dataset\n",
    "    def __getitem__(self, key):\n",
    "        \n",
    "        return self.data_list[key], self.target_list[key]\n",
    "    "
   ]
  },
  {
   "cell_type": "code",
   "execution_count": 47,
   "metadata": {},
   "outputs": [],
   "source": [
    "df = pd.read_csv('train_ml2_2021.csv')\n",
    "X = df.drop(columns=['target', 'problem_id'])\n",
    "y = df.target"
   ]
  },
  {
   "cell_type": "code",
   "execution_count": 48,
   "metadata": {},
   "outputs": [],
   "source": [
    "X_train, X_val, y_train, y_val = train_test_split(X, y, train_size=0.8, random_state=1)"
   ]
  },
  {
   "cell_type": "code",
   "execution_count": 49,
   "metadata": {},
   "outputs": [],
   "source": [
    "train_dataset = CancerDataset(X_train, y_train)\n",
    "valid_dataset = CancerDataset(X_val, y_val)\n",
    "\n",
    "batch_size=100\n",
    "train_loader = DataLoader(train_dataset, batch_size=batch_size, shuffle=True)\n",
    "valid_loader = DataLoader(valid_dataset, batch_size=batch_size, shuffle=True)"
   ]
  },
  {
   "cell_type": "code",
   "execution_count": 50,
   "metadata": {},
   "outputs": [],
   "source": [
    "class CancerPredictor(nn.Module):\n",
    "    \n",
    "    # constructor\n",
    "    def __init__(self, input_size, hidden_size, n_class):\n",
    "        super().__init__()\n",
    "        \n",
    "        self.input_layer = nn.Linear(input_size, hidden_size)\n",
    "        self.input_relu = nn.ReLU()\n",
    "        self.hidden_linear = nn.Linear(hidden_size, n_class)\n",
    "        self.soft_max = nn.Softmax(dim=-1)\n",
    "\n",
    "    \n",
    "    def forward(self, inputs):\n",
    "        out = None\n",
    "        out = self.input_layer(inputs)\n",
    "        out = self.input_relu(out)\n",
    "        out = self.hidden_linear(out)\n",
    "        out = self.soft_max(out)\n",
    "        \n",
    "        return out\n"
   ]
  },
  {
   "cell_type": "code",
   "execution_count": 51,
   "metadata": {},
   "outputs": [],
   "source": [
    "n, input_size = X.shape\n",
    "hidden_size = 300\n",
    "n_class = len(y.unique())"
   ]
  },
  {
   "cell_type": "code",
   "execution_count": 52,
   "metadata": {},
   "outputs": [],
   "source": [
    "model = CancerPredictor(input_size, hidden_size, n_class)"
   ]
  },
  {
   "cell_type": "code",
   "execution_count": 53,
   "metadata": {},
   "outputs": [
    {
     "name": "stdout",
     "output_type": "stream",
     "text": [
      "tensor([[0.1885, 0.2037, 0.1977, 0.1524, 0.2577],\n",
      "        [0.1804, 0.2021, 0.2144, 0.1530, 0.2500],\n",
      "        [0.2122, 0.1918, 0.2156, 0.1587, 0.2217],\n",
      "        [0.2012, 0.1908, 0.2166, 0.1554, 0.2359],\n",
      "        [0.1996, 0.1982, 0.2286, 0.1748, 0.1989],\n",
      "        [0.2013, 0.1896, 0.1967, 0.1873, 0.2251],\n",
      "        [0.2097, 0.1967, 0.2085, 0.1722, 0.2130],\n",
      "        [0.2128, 0.2110, 0.2108, 0.1580, 0.2075],\n",
      "        [0.1972, 0.2008, 0.1919, 0.1682, 0.2419],\n",
      "        [0.1933, 0.1989, 0.2190, 0.1635, 0.2252],\n",
      "        [0.2158, 0.1976, 0.1980, 0.1584, 0.2301],\n",
      "        [0.1917, 0.1897, 0.2274, 0.1661, 0.2251],\n",
      "        [0.1875, 0.1942, 0.2034, 0.1785, 0.2365],\n",
      "        [0.2170, 0.1788, 0.1939, 0.1787, 0.2317],\n",
      "        [0.1979, 0.2063, 0.1824, 0.1757, 0.2377],\n",
      "        [0.2023, 0.1922, 0.2162, 0.1670, 0.2223],\n",
      "        [0.2141, 0.2094, 0.1969, 0.1594, 0.2201],\n",
      "        [0.1974, 0.2051, 0.1928, 0.1700, 0.2346],\n",
      "        [0.1859, 0.1814, 0.2118, 0.1614, 0.2595],\n",
      "        [0.1996, 0.1940, 0.2034, 0.1761, 0.2270],\n",
      "        [0.1937, 0.1963, 0.2150, 0.1708, 0.2242],\n",
      "        [0.1928, 0.1876, 0.2087, 0.1668, 0.2441],\n",
      "        [0.2004, 0.1938, 0.1971, 0.1644, 0.2443],\n",
      "        [0.1923, 0.2163, 0.2139, 0.1578, 0.2197],\n",
      "        [0.2150, 0.1981, 0.1965, 0.1676, 0.2227],\n",
      "        [0.1845, 0.2056, 0.2104, 0.1672, 0.2323],\n",
      "        [0.2084, 0.1970, 0.2111, 0.1623, 0.2212],\n",
      "        [0.2108, 0.1852, 0.2078, 0.1704, 0.2258],\n",
      "        [0.2061, 0.1824, 0.2204, 0.1651, 0.2261],\n",
      "        [0.2012, 0.1999, 0.2118, 0.1841, 0.2029],\n",
      "        [0.1745, 0.2009, 0.2193, 0.1706, 0.2347],\n",
      "        [0.2051, 0.1871, 0.2017, 0.1694, 0.2367],\n",
      "        [0.2000, 0.1966, 0.2093, 0.1721, 0.2220],\n",
      "        [0.1945, 0.1909, 0.2134, 0.1612, 0.2401],\n",
      "        [0.1998, 0.2035, 0.2046, 0.1802, 0.2119],\n",
      "        [0.2163, 0.1796, 0.2143, 0.1746, 0.2151],\n",
      "        [0.1848, 0.2044, 0.2173, 0.1634, 0.2302],\n",
      "        [0.1933, 0.1963, 0.1983, 0.1761, 0.2360],\n",
      "        [0.1886, 0.1982, 0.2109, 0.1691, 0.2332],\n",
      "        [0.1970, 0.1979, 0.2133, 0.1640, 0.2278],\n",
      "        [0.1749, 0.2090, 0.2215, 0.1723, 0.2224],\n",
      "        [0.1997, 0.1853, 0.2200, 0.1476, 0.2473],\n",
      "        [0.1857, 0.1810, 0.2198, 0.1728, 0.2408],\n",
      "        [0.1991, 0.1857, 0.2140, 0.1704, 0.2308],\n",
      "        [0.2082, 0.1924, 0.2047, 0.1721, 0.2227],\n",
      "        [0.1980, 0.1985, 0.1992, 0.1808, 0.2235],\n",
      "        [0.1804, 0.2006, 0.2032, 0.1737, 0.2421],\n",
      "        [0.2129, 0.2027, 0.1894, 0.1879, 0.2070],\n",
      "        [0.2234, 0.1800, 0.2000, 0.1725, 0.2242],\n",
      "        [0.2006, 0.2067, 0.1982, 0.1593, 0.2353],\n",
      "        [0.1927, 0.1921, 0.2305, 0.1598, 0.2249],\n",
      "        [0.2068, 0.1994, 0.2074, 0.1671, 0.2193],\n",
      "        [0.1902, 0.1974, 0.2077, 0.1627, 0.2419],\n",
      "        [0.2050, 0.2017, 0.2005, 0.1580, 0.2349],\n",
      "        [0.1862, 0.1889, 0.2120, 0.1667, 0.2462],\n",
      "        [0.1912, 0.2068, 0.1896, 0.1720, 0.2403],\n",
      "        [0.1955, 0.2029, 0.2172, 0.1302, 0.2542],\n",
      "        [0.1931, 0.1947, 0.2308, 0.1577, 0.2236],\n",
      "        [0.2066, 0.1818, 0.2181, 0.1606, 0.2329],\n",
      "        [0.1786, 0.2003, 0.2182, 0.1855, 0.2174],\n",
      "        [0.1843, 0.1823, 0.2209, 0.1615, 0.2509],\n",
      "        [0.2019, 0.1775, 0.2125, 0.1651, 0.2430],\n",
      "        [0.1969, 0.1857, 0.2049, 0.1675, 0.2451],\n",
      "        [0.2119, 0.1701, 0.2024, 0.1698, 0.2458],\n",
      "        [0.1937, 0.1897, 0.2138, 0.1682, 0.2347],\n",
      "        [0.1756, 0.1992, 0.1995, 0.1896, 0.2362],\n",
      "        [0.1875, 0.1999, 0.1898, 0.2017, 0.2211],\n",
      "        [0.2138, 0.2170, 0.1914, 0.1993, 0.1785],\n",
      "        [0.1835, 0.1786, 0.2267, 0.1648, 0.2465],\n",
      "        [0.1960, 0.1858, 0.2029, 0.1718, 0.2434],\n",
      "        [0.1971, 0.2032, 0.2116, 0.1635, 0.2245],\n",
      "        [0.2038, 0.1891, 0.2041, 0.1735, 0.2294],\n",
      "        [0.2124, 0.1968, 0.2150, 0.1600, 0.2157],\n",
      "        [0.1729, 0.2098, 0.2110, 0.1623, 0.2441],\n",
      "        [0.2332, 0.1869, 0.1950, 0.1846, 0.2002],\n",
      "        [0.1861, 0.2012, 0.2301, 0.1636, 0.2189],\n",
      "        [0.1785, 0.1866, 0.2115, 0.1785, 0.2450],\n",
      "        [0.2052, 0.1981, 0.2133, 0.1663, 0.2171],\n",
      "        [0.2137, 0.1992, 0.1869, 0.1811, 0.2192],\n",
      "        [0.1892, 0.1989, 0.2143, 0.1495, 0.2482],\n",
      "        [0.2072, 0.1735, 0.1982, 0.1805, 0.2407],\n",
      "        [0.2069, 0.1865, 0.2256, 0.1611, 0.2198],\n",
      "        [0.2153, 0.1747, 0.2208, 0.1463, 0.2430],\n",
      "        [0.1981, 0.1965, 0.2003, 0.1614, 0.2438],\n",
      "        [0.2049, 0.1931, 0.1991, 0.1734, 0.2295],\n",
      "        [0.1822, 0.1958, 0.2126, 0.1798, 0.2296],\n",
      "        [0.2088, 0.1883, 0.2144, 0.1707, 0.2179],\n",
      "        [0.1967, 0.1998, 0.1983, 0.1906, 0.2146],\n",
      "        [0.1974, 0.1764, 0.2335, 0.1560, 0.2366],\n",
      "        [0.2047, 0.1863, 0.1826, 0.1700, 0.2564],\n",
      "        [0.2113, 0.1871, 0.2186, 0.1657, 0.2173],\n",
      "        [0.2072, 0.2009, 0.1940, 0.1797, 0.2182],\n",
      "        [0.2070, 0.1878, 0.2278, 0.1620, 0.2154],\n",
      "        [0.1930, 0.1930, 0.1922, 0.1810, 0.2408],\n",
      "        [0.1965, 0.1828, 0.2248, 0.1741, 0.2218],\n",
      "        [0.1996, 0.1824, 0.2037, 0.1697, 0.2446],\n",
      "        [0.1792, 0.2014, 0.2164, 0.1608, 0.2423],\n",
      "        [0.2121, 0.1731, 0.2160, 0.1691, 0.2297],\n",
      "        [0.1884, 0.1863, 0.2170, 0.1636, 0.2448],\n",
      "        [0.1867, 0.1996, 0.2079, 0.1639, 0.2419]], grad_fn=<SoftmaxBackward>)\n",
      "d\n",
      "tensor([[0.2057, 0.1910, 0.2128, 0.1570, 0.2336],\n",
      "        [0.1982, 0.1916, 0.2086, 0.1534, 0.2483],\n",
      "        [0.1982, 0.2001, 0.2070, 0.1575, 0.2372],\n",
      "        [0.2163, 0.1977, 0.1914, 0.1848, 0.2099],\n",
      "        [0.1937, 0.1941, 0.2211, 0.1519, 0.2393],\n",
      "        [0.1928, 0.1904, 0.2231, 0.1659, 0.2278],\n",
      "        [0.1987, 0.1822, 0.2143, 0.1830, 0.2219],\n",
      "        [0.1934, 0.1898, 0.2187, 0.1661, 0.2320],\n",
      "        [0.2123, 0.1978, 0.2035, 0.1608, 0.2256],\n",
      "        [0.2063, 0.1673, 0.1993, 0.1833, 0.2438],\n",
      "        [0.1974, 0.1873, 0.2104, 0.1639, 0.2409],\n",
      "        [0.1867, 0.1950, 0.2097, 0.1645, 0.2441],\n",
      "        [0.2144, 0.1848, 0.1993, 0.1653, 0.2362],\n",
      "        [0.1892, 0.1953, 0.2118, 0.1622, 0.2414],\n",
      "        [0.2069, 0.1736, 0.2108, 0.1758, 0.2329],\n",
      "        [0.1870, 0.1985, 0.2173, 0.1742, 0.2231],\n",
      "        [0.2075, 0.2072, 0.1849, 0.1779, 0.2224],\n",
      "        [0.1932, 0.1899, 0.2084, 0.1697, 0.2388],\n",
      "        [0.2040, 0.1840, 0.1947, 0.1648, 0.2525],\n",
      "        [0.1920, 0.1936, 0.2032, 0.1705, 0.2407],\n",
      "        [0.1894, 0.2001, 0.2014, 0.1692, 0.2399],\n",
      "        [0.1889, 0.1996, 0.2030, 0.1740, 0.2345],\n",
      "        [0.1923, 0.1893, 0.2108, 0.1791, 0.2284],\n",
      "        [0.2041, 0.1924, 0.2020, 0.1650, 0.2366],\n",
      "        [0.2004, 0.1909, 0.2116, 0.1811, 0.2159],\n",
      "        [0.1737, 0.2036, 0.1977, 0.1499, 0.2752],\n",
      "        [0.1808, 0.2080, 0.2108, 0.1557, 0.2447],\n",
      "        [0.2109, 0.2023, 0.1900, 0.1640, 0.2328],\n",
      "        [0.1825, 0.2092, 0.2078, 0.1797, 0.2207],\n",
      "        [0.2027, 0.2018, 0.2025, 0.1703, 0.2228],\n",
      "        [0.1710, 0.2046, 0.2106, 0.1696, 0.2442],\n",
      "        [0.1985, 0.1819, 0.2280, 0.1647, 0.2269],\n",
      "        [0.1788, 0.1956, 0.2189, 0.1624, 0.2443],\n",
      "        [0.2252, 0.1980, 0.2037, 0.1840, 0.1891],\n",
      "        [0.2085, 0.1923, 0.2131, 0.1594, 0.2268],\n",
      "        [0.2145, 0.1925, 0.2198, 0.1651, 0.2082],\n",
      "        [0.1894, 0.1712, 0.2114, 0.1908, 0.2372],\n",
      "        [0.1946, 0.1868, 0.2348, 0.1548, 0.2291],\n",
      "        [0.2085, 0.1889, 0.2036, 0.1762, 0.2228],\n",
      "        [0.2054, 0.1980, 0.2045, 0.1621, 0.2300],\n",
      "        [0.1981, 0.1997, 0.1966, 0.1803, 0.2252],\n",
      "        [0.1865, 0.1967, 0.2222, 0.1689, 0.2257],\n",
      "        [0.1909, 0.1979, 0.2044, 0.1789, 0.2279],\n",
      "        [0.2038, 0.1950, 0.2135, 0.1789, 0.2088],\n",
      "        [0.1903, 0.1995, 0.2022, 0.1735, 0.2345],\n",
      "        [0.2089, 0.1972, 0.1976, 0.1696, 0.2268],\n",
      "        [0.1861, 0.1894, 0.2170, 0.1579, 0.2496],\n",
      "        [0.2011, 0.1862, 0.2112, 0.1750, 0.2265],\n",
      "        [0.2053, 0.1892, 0.2039, 0.1573, 0.2442],\n",
      "        [0.1966, 0.1774, 0.2159, 0.1725, 0.2376],\n",
      "        [0.1936, 0.1940, 0.2138, 0.1801, 0.2185],\n",
      "        [0.1693, 0.2046, 0.2172, 0.1724, 0.2365],\n",
      "        [0.1930, 0.1898, 0.2190, 0.1836, 0.2146],\n",
      "        [0.2120, 0.1868, 0.1938, 0.1659, 0.2414],\n",
      "        [0.1972, 0.2048, 0.2195, 0.1627, 0.2158],\n",
      "        [0.2081, 0.1897, 0.2141, 0.1681, 0.2201],\n",
      "        [0.2046, 0.1925, 0.2113, 0.1585, 0.2331],\n",
      "        [0.2121, 0.1880, 0.2166, 0.1761, 0.2072],\n",
      "        [0.2005, 0.2001, 0.1852, 0.1916, 0.2226],\n",
      "        [0.2024, 0.1822, 0.2156, 0.1780, 0.2218],\n",
      "        [0.2010, 0.2025, 0.1973, 0.1711, 0.2281],\n",
      "        [0.1871, 0.1994, 0.2146, 0.1558, 0.2430],\n",
      "        [0.2080, 0.2105, 0.1905, 0.1692, 0.2219],\n",
      "        [0.1906, 0.2076, 0.1983, 0.1730, 0.2306],\n",
      "        [0.1976, 0.1980, 0.2182, 0.1663, 0.2200],\n",
      "        [0.2052, 0.1866, 0.2208, 0.1727, 0.2147],\n",
      "        [0.2106, 0.1891, 0.2149, 0.1619, 0.2235],\n",
      "        [0.2172, 0.2025, 0.1948, 0.1697, 0.2158],\n",
      "        [0.2179, 0.2051, 0.1991, 0.1653, 0.2126],\n",
      "        [0.2152, 0.1930, 0.1859, 0.1790, 0.2269],\n",
      "        [0.1805, 0.2024, 0.2245, 0.1636, 0.2289],\n",
      "        [0.2049, 0.1811, 0.2176, 0.1532, 0.2432],\n",
      "        [0.1962, 0.2031, 0.2041, 0.1471, 0.2495],\n",
      "        [0.2003, 0.1974, 0.2200, 0.1571, 0.2252],\n",
      "        [0.1978, 0.1956, 0.2215, 0.1674, 0.2176],\n",
      "        [0.2147, 0.1917, 0.1870, 0.1788, 0.2277],\n",
      "        [0.2168, 0.1969, 0.2017, 0.1627, 0.2219],\n",
      "        [0.1933, 0.1801, 0.2001, 0.1864, 0.2400],\n",
      "        [0.1678, 0.2097, 0.2217, 0.1757, 0.2252],\n",
      "        [0.2000, 0.2104, 0.2119, 0.1698, 0.2079],\n",
      "        [0.2165, 0.1957, 0.1883, 0.1746, 0.2249],\n",
      "        [0.1807, 0.2034, 0.1988, 0.1625, 0.2546],\n",
      "        [0.2206, 0.1952, 0.2023, 0.1684, 0.2135],\n",
      "        [0.1869, 0.1915, 0.2042, 0.1616, 0.2558],\n",
      "        [0.2049, 0.1998, 0.2136, 0.1623, 0.2194],\n",
      "        [0.1892, 0.1925, 0.2031, 0.1601, 0.2551],\n",
      "        [0.2035, 0.1899, 0.2005, 0.1897, 0.2164],\n",
      "        [0.2023, 0.1785, 0.2062, 0.1803, 0.2327],\n",
      "        [0.1789, 0.1833, 0.2144, 0.1646, 0.2588],\n",
      "        [0.2029, 0.2007, 0.2049, 0.1746, 0.2169],\n",
      "        [0.1918, 0.2031, 0.1925, 0.1846, 0.2279],\n",
      "        [0.1870, 0.2060, 0.2061, 0.1679, 0.2331],\n",
      "        [0.1933, 0.2132, 0.1973, 0.1617, 0.2344],\n",
      "        [0.2056, 0.1898, 0.2080, 0.1613, 0.2353],\n",
      "        [0.1986, 0.1986, 0.2149, 0.1683, 0.2196],\n",
      "        [0.1896, 0.2008, 0.2152, 0.1700, 0.2244],\n",
      "        [0.2017, 0.1806, 0.2136, 0.1858, 0.2183],\n",
      "        [0.1887, 0.2063, 0.1957, 0.1549, 0.2544],\n",
      "        [0.1996, 0.1918, 0.2229, 0.1640, 0.2217],\n",
      "        [0.2072, 0.2037, 0.1933, 0.1747, 0.2211]], grad_fn=<SoftmaxBackward>)\n"
     ]
    },
    {
     "ename": "KeyboardInterrupt",
     "evalue": "Interrupted by user",
     "output_type": "error",
     "traceback": [
      "\u001b[0;31m---------------------------------------------------------------------------\u001b[0m",
      "\u001b[0;31mKeyboardInterrupt\u001b[0m                         Traceback (most recent call last)",
      "\u001b[0;32m<ipython-input-53-fa5b930f4d88>\u001b[0m in \u001b[0;36m<module>\u001b[0;34m\u001b[0m\n\u001b[1;32m      4\u001b[0m     \u001b[0mprint\u001b[0m\u001b[0;34m(\u001b[0m\u001b[0mpreds\u001b[0m\u001b[0;34m)\u001b[0m\u001b[0;34m\u001b[0m\u001b[0;34m\u001b[0m\u001b[0m\n\u001b[1;32m      5\u001b[0m     \u001b[0;31m# print(model(data_batch))\u001b[0m\u001b[0;34m\u001b[0m\u001b[0;34m\u001b[0m\u001b[0;34m\u001b[0m\u001b[0m\n\u001b[0;32m----> 6\u001b[0;31m     \u001b[0minput\u001b[0m\u001b[0;34m(\u001b[0m\u001b[0;34m)\u001b[0m\u001b[0;34m\u001b[0m\u001b[0;34m\u001b[0m\u001b[0m\n\u001b[0m",
      "\u001b[0;32m~/Projects/anaconda3/lib/python3.7/site-packages/ipykernel/kernelbase.py\u001b[0m in \u001b[0;36mraw_input\u001b[0;34m(self, prompt)\u001b[0m\n\u001b[1;32m    861\u001b[0m             \u001b[0mself\u001b[0m\u001b[0;34m.\u001b[0m\u001b[0m_parent_ident\u001b[0m\u001b[0;34m,\u001b[0m\u001b[0;34m\u001b[0m\u001b[0;34m\u001b[0m\u001b[0m\n\u001b[1;32m    862\u001b[0m             \u001b[0mself\u001b[0m\u001b[0;34m.\u001b[0m\u001b[0m_parent_header\u001b[0m\u001b[0;34m,\u001b[0m\u001b[0;34m\u001b[0m\u001b[0;34m\u001b[0m\u001b[0m\n\u001b[0;32m--> 863\u001b[0;31m             \u001b[0mpassword\u001b[0m\u001b[0;34m=\u001b[0m\u001b[0;32mFalse\u001b[0m\u001b[0;34m,\u001b[0m\u001b[0;34m\u001b[0m\u001b[0;34m\u001b[0m\u001b[0m\n\u001b[0m\u001b[1;32m    864\u001b[0m         )\n\u001b[1;32m    865\u001b[0m \u001b[0;34m\u001b[0m\u001b[0m\n",
      "\u001b[0;32m~/Projects/anaconda3/lib/python3.7/site-packages/ipykernel/kernelbase.py\u001b[0m in \u001b[0;36m_input_request\u001b[0;34m(self, prompt, ident, parent, password)\u001b[0m\n\u001b[1;32m    902\u001b[0m             \u001b[0;32mexcept\u001b[0m \u001b[0mKeyboardInterrupt\u001b[0m\u001b[0;34m:\u001b[0m\u001b[0;34m\u001b[0m\u001b[0;34m\u001b[0m\u001b[0m\n\u001b[1;32m    903\u001b[0m                 \u001b[0;31m# re-raise KeyboardInterrupt, to truncate traceback\u001b[0m\u001b[0;34m\u001b[0m\u001b[0;34m\u001b[0m\u001b[0;34m\u001b[0m\u001b[0m\n\u001b[0;32m--> 904\u001b[0;31m                 \u001b[0;32mraise\u001b[0m \u001b[0mKeyboardInterrupt\u001b[0m\u001b[0;34m(\u001b[0m\u001b[0;34m\"Interrupted by user\"\u001b[0m\u001b[0;34m)\u001b[0m \u001b[0;32mfrom\u001b[0m \u001b[0;32mNone\u001b[0m\u001b[0;34m\u001b[0m\u001b[0;34m\u001b[0m\u001b[0m\n\u001b[0m\u001b[1;32m    905\u001b[0m             \u001b[0;32mexcept\u001b[0m \u001b[0mException\u001b[0m \u001b[0;32mas\u001b[0m \u001b[0me\u001b[0m\u001b[0;34m:\u001b[0m\u001b[0;34m\u001b[0m\u001b[0;34m\u001b[0m\u001b[0m\n\u001b[1;32m    906\u001b[0m                 \u001b[0mself\u001b[0m\u001b[0;34m.\u001b[0m\u001b[0mlog\u001b[0m\u001b[0;34m.\u001b[0m\u001b[0mwarning\u001b[0m\u001b[0;34m(\u001b[0m\u001b[0;34m\"Invalid Message:\"\u001b[0m\u001b[0;34m,\u001b[0m \u001b[0mexc_info\u001b[0m\u001b[0;34m=\u001b[0m\u001b[0;32mTrue\u001b[0m\u001b[0;34m)\u001b[0m\u001b[0;34m\u001b[0m\u001b[0;34m\u001b[0m\u001b[0m\n",
      "\u001b[0;31mKeyboardInterrupt\u001b[0m: Interrupted by user"
     ]
    }
   ],
   "source": [
    "for i, (data_batch, target_batch) in enumerate(train_loader):\n",
    "    device = \"cpu\"\n",
    "    preds = model(data_batch.to(device))\n",
    "    print(preds)\n",
    "    # print(model(data_batch))\n",
    "    input()"
   ]
  },
  {
   "cell_type": "code",
   "execution_count": null,
   "metadata": {},
   "outputs": [],
   "source": []
  },
  {
   "cell_type": "code",
   "execution_count": null,
   "metadata": {},
   "outputs": [],
   "source": []
  },
  {
   "cell_type": "code",
   "execution_count": null,
   "metadata": {},
   "outputs": [],
   "source": []
  },
  {
   "cell_type": "code",
   "execution_count": null,
   "metadata": {},
   "outputs": [],
   "source": []
  }
 ],
 "metadata": {
  "kernelspec": {
   "display_name": "Python 3",
   "language": "python",
   "name": "python3"
  },
  "language_info": {
   "codemirror_mode": {
    "name": "ipython",
    "version": 3
   },
   "file_extension": ".py",
   "mimetype": "text/x-python",
   "name": "python",
   "nbconvert_exporter": "python",
   "pygments_lexer": "ipython3",
   "version": "3.7.6"
  }
 },
 "nbformat": 4,
 "nbformat_minor": 4
}
